0.0000 1.0000 -0.0000
0.1380 0.9904 -0.0000
0.0426 0.9904 -0.1312
0.2733 0.9619 -0.0000
0.1812 0.9746 -0.1317
0.0844 0.9619 -0.2599
0.4034 0.9150 -0.0000
0.3177 0.9389 -0.1323
0.2240 0.9389 -0.2613
0.1246 0.9150 -0.3836
0.5257 0.8507 -0.0000
0.4493 0.8834 -0.1331
0.3618 0.8944 -0.2629
0.2654 0.8834 -0.3862
0.1625 0.8507 -0.5000
0.6381 0.7700 -0.0000
0.5729 0.8086 -0.1337
0.4943 0.8282 -0.2642
0.4040 0.8282 -0.3885
0.3042 0.8086 -0.5036
0.1972 0.7700 -0.6068
0.7382 0.6746 -0.0000
0.6857 0.7155 -0.1338
0.6179 0.7404 -0.2647
0.5362 0.7488 -0.3896
0.4427 0.7404 -0.5058
0.3392 0.7155 -0.6108
0.2281 0.6746 -0.7020
0.8242 0.5663 -0.0000
0.7846 0.6056 -0.1332
0.7286 0.6322 -0.2635
0.6574 0.6457 -0.3884
0.5726 0.6457 -0.5052
0.4758 0.6322 -0.6115
0.3691 0.6056 -0.7050
0.2547 0.5663 -0.7838
0.8944 0.4472 -0.0000
0.8668 0.4811 -0.1312
0.8226 0.5057 -0.2599
0.7627 0.5207 -0.3836
0.6882 0.5257 -0.5000
0.6005 0.5207 -0.6068
0.5014 0.5057 -0.7020
0.3926 0.4811 -0.7838
0.2764 0.4472 -0.8507
-0.1116 0.9904 -0.0811
-0.0692 0.9746 -0.2130
-0.2211 0.9619 -0.1606
-0.0277 0.9389 -0.3431
-0.1793 0.9389 -0.2938
-0.3263 0.9150 -0.2371
0.0123 0.8834 -0.4684
-0.1382 0.8944 -0.4253
-0.2853 0.8834 -0.3717
-0.4253 0.8507 -0.3090
0.0499 0.8086 -0.5862
-0.0985 0.8282 -0.5518
-0.2446 0.8282 -0.5043
-0.3849 0.8086 -0.4449
-0.5162 0.7700 -0.3750
0.0846 0.7155 -0.6935
-0.0608 0.7404 -0.6694
-0.2048 0.7488 -0.6304
-0.3443 0.7404 -0.5773
-0.4761 0.7155 -0.5113
-0.5972 0.6746 -0.4339
0.1158 0.6056 -0.7873
-0.0255 0.6322 -0.7744
-0.1663 0.6457 -0.7453
-0.3036 0.6457 -0.7007
-0.4345 0.6322 -0.6415
-0.5565 0.6056 -0.5689
-0.6668 0.5663 -0.4844
0.1431 0.4811 -0.8649
0.0070 0.5057 -0.8627
-0.1292 0.5207 -0.8439
-0.2629 0.5257 -0.8090
-0.3916 0.5207 -0.7587
-0.5128 0.5057 -0.6938
-0.6241 0.4811 -0.6156
-0.7236 0.4472 -0.5257
-0.1116 0.9904 0.0811
-0.2240 0.9746 0.0000
-0.2211 0.9619 0.1606
-0.3348 0.9389 -0.0797
-0.3348 0.9389 0.0797
-0.3263 0.9150 0.2371
-0.4417 0.8834 -0.1564
-0.4472 0.8944 0.0000
-0.4417 0.8834 0.1564
-0.4253 0.8507 0.3090
-0.5421 0.8086 -0.2286
-0.5552 0.8282 -0.0768
-0.5552 0.8282 0.0768
-0.5421 0.8086 0.2286
-0.5162 0.7700 0.3750
-0.6334 0.7155 -0.2948
-0.6554 0.7404 -0.1490
-0.6628 0.7488 0.0000
-0.6554 0.7404 0.1490
-0.6334 0.7155 0.2948
-0.5972 0.6746 0.4339
-0.7130 0.6056 -0.3534
-0.7444 0.6322 -0.2150
-0.7602 0.6457 -0.0722
-0.7602 0.6457 0.0722
-0.7444 0.6322 0.2150
-0.7130 0.6056 0.3534
-0.6668 0.5663 0.4844
-0.7784 0.4811 -0.4034
-0.8183 0.5057 -0.2733
-0.8425 0.5207 -0.1380
-0.8507 0.5257 0.0000
-0.8425 0.5207 0.1380
-0.8183 0.5057 0.2733
-0.7784 0.4811 0.4034
-0.7236 0.4472 0.5257
0.0426 0.9904 0.1312
-0.0692 0.9746 0.2130
0.0844 0.9619 0.2599
-0.1793 0.9389 0.2938
-0.0277 0.9389 0.3431
0.1246 0.9150 0.3836
-0.2853 0.8834 0.3717
-0.1382 0.8944 0.4253
0.0123 0.8834 0.4684
0.1625 0.8507 0.5000
-0.3849 0.8086 0.4449
-0.2446 0.8282 0.5043
-0.0985 0.8282 0.5518
0.0499 0.8086 0.5862
0.1972 0.7700 0.6068
-0.4761 0.7155 0.5113
-0.3443 0.7404 0.5773
-0.2048 0.7488 0.6304
-0.0608 0.7404 0.6694
0.0846 0.7155 0.6935
0.2281 0.6746 0.7020
-0.5565 0.6056 0.5689
-0.4345 0.6322 0.6415
-0.3036 0.6457 0.7007
-0.1663 0.6457 0.7453
-0.0255 0.6322 0.7744
0.1158 0.6056 0.7873
0.2547 0.5663 0.7838
-0.6241 0.4811 0.6156
-0.5128 0.5057 0.6938
-0.3916 0.5207 0.7587
-0.2629 0.5257 0.8090
-0.1292 0.5207 0.8439
0.0070 0.5057 0.8627
0.1431 0.4811 0.8649
0.2764 0.4472 0.8507
0.1812 0.9746 0.1317
0.2240 0.9389 0.2613
0.3177 0.9389 0.1323
0.2654 0.8834 0.3862
0.3618 0.8944 0.2629
0.4493 0.8834 0.1331
0.3042 0.8086 0.5036
0.4040 0.8282 0.3885
0.4943 0.8282 0.2642
0.5729 0.8086 0.1337
0.3392 0.7155 0.6108
0.4427 0.7404 0.5058
0.5362 0.7488 0.3896
0.6179 0.7404 0.2647
0.6857 0.7155 0.1338
0.3691 0.6056 0.7050
0.4758 0.6322 0.6115
0.5726 0.6457 0.5052
0.6574 0.6457 0.3884
0.7286 0.6322 0.2635
0.7846 0.6056 0.1332
0.3926 0.4811 0.7838
0.5014 0.5057 0.7020
0.6005 0.5207 0.6068
0.6882 0.5257 0.5000
0.7627 0.5207 0.3836
0.8226 0.5057 0.2599
0.8668 0.4811 0.1312
0.9358 0.3431 0.0811
0.9358 0.3431 -0.0811
0.9593 0.2325 0.1606
0.9719 0.2355 -0.0000
0.9593 0.2325 -0.1606
0.9644 0.1173 0.2371
0.9895 0.1204 0.0797
0.9895 0.1204 -0.0797
0.9644 0.1173 -0.2371
0.9511 0.0000 0.3090
0.9877 0.0000 0.1564
1.0000 0.0000 -0.0000
0.9877 0.0000 -0.1564
0.9511 0.0000 -0.3090
0.9196 -0.1173 0.3750
0.9657 -0.1232 0.2286
0.9890 -0.1262 0.0768
0.9890 -0.1262 -0.0768
0.9657 -0.1232 -0.2286
0.9196 -0.1173 -0.3750
0.8705 -0.2325 0.4339
0.9232 -0.2465 0.2948
0.9554 -0.2551 0.1490
0.9661 -0.2580 -0.0000
0.9554 -0.2551 -0.1490
0.9232 -0.2465 -0.2948
0.8705 -0.2325 -0.4339
0.8047 -0.3431 0.4844
0.8605 -0.3669 0.3534
0.8984 -0.3830 0.2150
0.9175 -0.3912 0.0722
0.9175 -0.3912 -0.0722
0.8984 -0.3830 -0.2150
0.8605 -0.3669 -0.3534
0.8047 -0.3431 -0.4844
0.7236 -0.4472 0.5257
0.7784 -0.4811 0.4034
0.8183 -0.5057 0.2733
0.8425 -0.5207 0.1380
0.8507 -0.5257 -0.0000
0.8425 -0.5207 -0.1380
0.8183 -0.5057 -0.2733
0.7784 -0.4811 -0.4034
0.7236 -0.4472 -0.5257
0.3663 0.3431 -0.8649
0.2121 0.3431 -0.9150
0.4492 0.2325 -0.8627
0.3003 0.2355 -0.9243
0.1437 0.2325 -0.9619
0.5235 0.1173 -0.8439
0.3816 0.1204 -0.9165
0.2300 0.1204 -0.9657
0.0725 0.1173 -0.9904
0.5878 0.0000 -0.8090
0.4540 0.0000 -0.8910
0.3090 0.0000 -0.9511
0.1564 0.0000 -0.9877
-0.0000 0.0000 -1.0000
0.6408 -0.1173 -0.7587
0.5158 -0.1232 -0.8478
0.3787 -0.1262 -0.9169
0.2326 -0.1262 -0.9644
0.0810 -0.1232 -0.9891
-0.0725 -0.1173 -0.9904
0.6816 -0.2325 -0.6938
0.5656 -0.2465 -0.7869
0.4370 -0.2551 -0.8625
0.2986 -0.2580 -0.9189
0.1535 -0.2551 -0.9547
0.0050 -0.2465 -0.9691
-0.1437 -0.2325 -0.9619
0.7094 -0.3431 -0.6156
0.6020 -0.3669 -0.7092
0.4821 -0.3830 -0.7879
0.3522 -0.3912 -0.8503
0.2149 -0.3912 -0.8949
0.0731 -0.3830 -0.9208
-0.0702 -0.3669 -0.9276
-0.2121 -0.3431 -0.9150
0.6241 -0.4811 -0.6156
0.5128 -0.5057 -0.6938
0.3916 -0.5207 -0.7587
0.2629 -0.5257 -0.8090
0.1292 -0.5207 -0.8439
-0.0070 -0.5057 -0.8627
-0.1431 -0.4811 -0.8649
-0.2764 -0.4472 -0.8507
-0.7094 0.3431 -0.6156
-0.8047 0.3431 -0.4844
-0.6816 0.2325 -0.6938
-0.7863 0.2355 -0.5713
-0.8705 0.2325 -0.4339
-0.6408 0.1173 -0.7587
-0.7537 0.1204 -0.6461
-0.8474 0.1204 -0.5171
-0.9196 0.1173 -0.3750
-0.5878 0.0000 -0.8090
-0.7071 0.0000 -0.7071
-0.8090 0.0000 -0.5878
-0.8910 0.0000 -0.4540
-0.9511 0.0000 -0.3090
-0.5235 -0.1173 -0.8439
-0.6469 -0.1232 -0.7526
-0.7550 -0.1262 -0.6435
-0.8453 -0.1262 -0.5192
-0.9156 -0.1232 -0.3827
-0.9644 -0.1173 -0.2371
-0.4492 -0.2325 -0.8627
-0.5736 -0.2465 -0.7811
-0.6853 -0.2551 -0.6821
-0.7816 -0.2580 -0.5679
-0.8605 -0.2551 -0.4410
-0.9202 -0.2465 -0.3042
-0.9593 -0.2325 -0.1606
-0.3663 -0.3431 -0.8649
-0.4884 -0.3669 -0.7917
-0.6004 -0.3830 -0.7020
-0.6998 -0.3912 -0.5977
-0.7847 -0.3912 -0.4809
-0.8532 -0.3830 -0.3541
-0.9039 -0.3669 -0.2199
-0.9358 -0.3431 -0.0811
-0.3926 -0.4811 -0.7838
-0.5014 -0.5057 -0.7020
-0.6005 -0.5207 -0.6068
-0.6882 -0.5257 -0.5000
-0.7627 -0.5207 -0.3836
-0.8226 -0.5057 -0.2599
-0.8668 -0.4811 -0.1312
-0.8944 -0.4472 0.0000
-0.8047 0.3431 0.4844
-0.7094 0.3431 0.6156
-0.8705 0.2325 0.4339
-0.7863 0.2355 0.5713
-0.6816 0.2325 0.6938
-0.9196 0.1173 0.3750
-0.8474 0.1204 0.5171
-0.7537 0.1204 0.6461
-0.6408 0.1173 0.7587
-0.9511 0.0000 0.3090
-0.8910 0.0000 0.4540
-0.8090 0.0000 0.5878
-0.7071 0.0000 0.7071
-0.5878 0.0000 0.8090
-0.9644 -0.1173 0.2371
-0.9156 -0.1232 0.3827
-0.8453 -0.1262 0.5192
-0.7550 -0.1262 0.6435
-0.6469 -0.1232 0.7526
-0.5235 -0.1173 0.8439
-0.9593 -0.2325 0.1606
-0.9202 -0.2465 0.3042
-0.8605 -0.2551 0.4410
-0.7816 -0.2580 0.5679
-0.6853 -0.2551 0.6821
-0.5736 -0.2465 0.7811
-0.4492 -0.2325 0.8627
-0.9358 -0.3431 0.0811
-0.9039 -0.3669 0.2199
-0.8532 -0.3830 0.3541
-0.7847 -0.3912 0.4809
-0.6998 -0.3912 0.5977
-0.6004 -0.3830 0.7020
-0.4884 -0.3669 0.7917
-0.3663 -0.3431 0.8649
-0.8668 -0.4811 0.1312
-0.8226 -0.5057 0.2599
-0.7627 -0.5207 0.3836
-0.6882 -0.5257 0.5000
-0.6005 -0.5207 0.6068
-0.5014 -0.5057 0.7020
-0.3926 -0.4811 0.7838
-0.2764 -0.4472 0.8507
0.2121 0.3431 0.9150
0.3663 0.3431 0.8649
0.1437 0.2325 0.9619
0.3003 0.2355 0.9243
0.4492 0.2325 0.8627
0.0725 0.1173 0.9904
0.2300 0.1204 0.9657
0.3816 0.1204 0.9165
0.5235 0.1173 0.8439
0.0000 0.0000 1.0000
0.1564 0.0000 0.9877
0.3090 0.0000 0.9511
0.4540 0.0000 0.8910
0.5878 0.0000 0.8090
-0.0725 -0.1173 0.9904
0.0810 -0.1232 0.9891
0.2326 -0.1262 0.9644
0.3787 -0.1262 0.9169
0.5158 -0.1232 0.8478
0.6408 -0.1173 0.7587
-0.1437 -0.2325 0.9619
0.0050 -0.2465 0.9691
0.1535 -0.2551 0.9547
0.2986 -0.2580 0.9189
0.4370 -0.2551 0.8625
0.5656 -0.2465 0.7869
0.6816 -0.2325 0.6938
-0.2121 -0.3431 0.9150
-0.0702 -0.3669 0.9276
0.0731 -0.3830 0.9208
0.2149 -0.3912 0.8949
0.3522 -0.3912 0.8503
0.4821 -0.3830 0.7879
0.6020 -0.3669 0.7092
0.7094 -0.3431 0.6156
-0.1431 -0.4811 0.8649
-0.0070 -0.5057 0.8627
0.1292 -0.5207 0.8439
0.2629 -0.5257 0.8090
0.3916 -0.5207 0.7587
0.5128 -0.5057 0.6938
0.6241 -0.4811 0.6156
0.7863 -0.2355 -0.5713
0.7537 -0.1204 -0.6461
0.8474 -0.1204 -0.5171
0.7071 0.0000 -0.7071
0.8090 0.0000 -0.5878
0.8910 0.0000 -0.4540
0.6469 0.1232 -0.7526
0.7550 0.1262 -0.6435
0.8453 0.1262 -0.5192
0.9156 0.1232 -0.3827
0.5736 0.2465 -0.7811
0.6853 0.2551 -0.6821
0.7816 0.2580 -0.5679
0.8605 0.2551 -0.4410
0.9202 0.2465 -0.3042
0.4884 0.3669 -0.7917
0.6004 0.3830 -0.7020
0.6998 0.3912 -0.5977
0.7847 0.3912 -0.4809
0.8532 0.3830 -0.3541
0.9039 0.3669 -0.2199
-0.3003 -0.2355 -0.9243
-0.3816 -0.1204 -0.9165
-0.2300 -0.1204 -0.9657
-0.4540 0.0000 -0.8910
-0.3090 0.0000 -0.9511
-0.1564 0.0000 -0.9877
-0.5158 0.1232 -0.8478
-0.3787 0.1262 -0.9169
-0.2326 0.1262 -0.9644
-0.0810 0.1232 -0.9891
-0.5656 0.2465 -0.7869
-0.4370 0.2551 -0.8625
-0.2986 0.2580 -0.9189
-0.1535 0.2551 -0.9547
-0.0050 0.2465 -0.9691
-0.6020 0.3669 -0.7092
-0.4821 0.3830 -0.7879
-0.3522 0.3912 -0.8503
-0.2149 0.3912 -0.8949
-0.0731 0.3830 -0.9208
0.0702 0.3669 -0.9276
-0.9719 -0.2355 0.0000
-0.9895 -0.1204 0.0797
-0.9895 -0.1204 -0.0797
-0.9877 0.0000 0.1564
-1.0000 0.0000 0.0000
-0.9877 0.0000 -0.1564
-0.9657 0.1232 0.2286
-0.9890 0.1262 0.0768
-0.9890 0.1262 -0.0768
-0.9657 0.1232 -0.2286
-0.9232 0.2465 0.2948
-0.9554 0.2551 0.1490
-0.9661 0.2580 0.0000
-0.9554 0.2551 -0.1490
-0.9232 0.2465 -0.2948
-0.8605 0.3669 0.3534
-0.8984 0.3830 0.2150
-0.9175 0.3912 0.0722
-0.9175 0.3912 -0.0722
-0.8984 0.3830 -0.2150
-0.8605 0.3669 -0.3534
-0.3003 -0.2355 0.9243
-0.2300 -0.1204 0.9657
-0.3816 -0.1204 0.9165
-0.1564 0.0000 0.9877
-0.3090 0.0000 0.9511
-0.4540 0.0000 0.8910
-0.0810 0.1232 0.9891
-0.2326 0.1262 0.9644
-0.3787 0.1262 0.9169
-0.5158 0.1232 0.8478
-0.0050 0.2465 0.9691
-0.1535 0.2551 0.9547
-0.2986 0.2580 0.9189
-0.4370 0.2551 0.8625
-0.5656 0.2465 0.7869
0.0702 0.3669 0.9276
-0.0731 0.3830 0.9208
-0.2149 0.3912 0.8949
-0.3522 0.3912 0.8503
-0.4821 0.3830 0.7879
-0.6020 0.3669 0.7092
0.7863 -0.2355 0.5713
0.8474 -0.1204 0.5171
0.7537 -0.1204 0.6461
0.8910 0.0000 0.4540
0.8090 0.0000 0.5878
0.7071 0.0000 0.7071
0.9156 0.1232 0.3827
0.8453 0.1262 0.5192
0.7550 0.1262 0.6435
0.6469 0.1232 0.7526
0.9202 0.2465 0.3042
0.8605 0.2551 0.4410
0.7816 0.2580 0.5679
0.6853 0.2551 0.6821
0.5736 0.2465 0.7811
0.9039 0.3669 0.2199
0.8532 0.3830 0.3541
0.7847 0.3912 0.4809
0.6998 0.3912 0.5977
0.6004 0.3830 0.7020
0.4884 0.3669 0.7917
0.0000 -1.0000 -0.0000
-0.0426 -0.9904 -0.1312
0.1116 -0.9904 -0.0811
-0.0844 -0.9619 -0.2599
0.0692 -0.9746 -0.2130
0.2211 -0.9619 -0.1606
-0.1246 -0.9150 -0.3836
0.0277 -0.9389 -0.3431
0.1793 -0.9389 -0.2938
0.3263 -0.9150 -0.2371
-0.1625 -0.8507 -0.5000
-0.0123 -0.8834 -0.4684
0.1382 -0.8944 -0.4253
0.2853 -0.8834 -0.3717
0.4253 -0.8507 -0.3090
-0.1972 -0.7700 -0.6068
-0.0499 -0.8086 -0.5862
0.0985 -0.8282 -0.5518
0.2446 -0.8282 -0.5043
0.3849 -0.8086 -0.4449
0.5162 -0.7700 -0.3750
-0.2281 -0.6746 -0.7020
-0.0846 -0.7155 -0.6935
0.0608 -0.7404 -0.6694
0.2048 -0.7488 -0.6304
0.3443 -0.7404 -0.5773
0.4761 -0.7155 -0.5113
0.5972 -0.6746 -0.4339
-0.2547 -0.5663 -0.7838
-0.1158 -0.6056 -0.7873
0.0255 -0.6322 -0.7744
0.1663 -0.6457 -0.7453
0.3036 -0.6457 -0.7007
0.4345 -0.6322 -0.6415
0.5565 -0.6056 -0.5689
0.6668 -0.5663 -0.4844
-0.1380 -0.9904 0.0000
-0.2733 -0.9619 0.0000
-0.1812 -0.9746 -0.1317
-0.4034 -0.9150 0.0000
-0.3177 -0.9389 -0.1323
-0.2240 -0.9389 -0.2613
-0.5257 -0.8507 0.0000
-0.4493 -0.8834 -0.1331
-0.3618 -0.8944 -0.2629
-0.2654 -0.8834 -0.3862
-0.6381 -0.7700 0.0000
-0.5729 -0.8086 -0.1337
-0.4943 -0.8282 -0.2642
-0.4040 -0.8282 -0.3885
-0.3042 -0.8086 -0.5036
-0.7382 -0.6746 0.0000
-0.6857 -0.7155 -0.1338
-0.6179 -0.7404 -0.2647
-0.5362 -0.7488 -0.3896
-0.4427 -0.7404 -0.5058
-0.3392 -0.7155 -0.6108
-0.8242 -0.5663 0.0000
-0.7846 -0.6056 -0.1332
-0.7286 -0.6322 -0.2635
-0.6574 -0.6457 -0.3884
-0.5726 -0.6457 -0.5052
-0.4758 -0.6322 -0.6115
-0.3691 -0.6056 -0.7050
-0.0426 -0.9904 0.1312
-0.0844 -0.9619 0.2599
-0.1812 -0.9746 0.1317
-0.1246 -0.9150 0.3836
-0.2240 -0.9389 0.2613
-0.3177 -0.9389 0.1323
-0.1625 -0.8507 0.5000
-0.2654 -0.8834 0.3862
-0.3618 -0.8944 0.2629
-0.4493 -0.8834 0.1331
-0.1972 -0.7700 0.6068
-0.3042 -0.8086 0.5036
-0.4040 -0.8282 0.3885
-0.4943 -0.8282 0.2642
-0.5729 -0.8086 0.1337
-0.2281 -0.6746 0.7020
-0.3392 -0.7155 0.6108
-0.4427 -0.7404 0.5058
-0.5362 -0.7488 0.3896
-0.6179 -0.7404 0.2647
-0.6857 -0.7155 0.1338
-0.2547 -0.5663 0.7838
-0.3691 -0.6056 0.7050
-0.4758 -0.6322 0.6115
-0.5726 -0.6457 0.5052
-0.6574 -0.6457 0.3884
-0.7286 -0.6322 0.2635
-0.7846 -0.6056 0.1332
0.1116 -0.9904 0.0811
0.2211 -0.9619 0.1606
0.0692 -0.9746 0.2130
0.3263 -0.9150 0.2371
0.1793 -0.9389 0.2938
0.0277 -0.9389 0.3431
0.4253 -0.8507 0.3090
0.2853 -0.8834 0.3717
0.1382 -0.8944 0.4253
-0.0123 -0.8834 0.4684
0.5162 -0.7700 0.3750
0.3849 -0.8086 0.4449
0.2446 -0.8282 0.5043
0.0985 -0.8282 0.5518
-0.0499 -0.8086 0.5862
0.5972 -0.6746 0.4339
0.4761 -0.7155 0.5113
0.3443 -0.7404 0.5773
0.2048 -0.7488 0.6304
0.0608 -0.7404 0.6694
-0.0846 -0.7155 0.6935
0.6668 -0.5663 0.4844
0.5565 -0.6056 0.5689
0.4345 -0.6322 0.6415
0.3036 -0.6457 0.7007
0.1663 -0.6457 0.7453
0.0255 -0.6322 0.7744
-0.1158 -0.6056 0.7873
0.2240 -0.9746 -0.0000
0.3348 -0.9389 -0.0797
0.3348 -0.9389 0.0797
0.4417 -0.8834 -0.1564
0.4472 -0.8944 -0.0000
0.4417 -0.8834 0.1564
0.5421 -0.8086 -0.2286
0.5552 -0.8282 -0.0768
0.5552 -0.8282 0.0768
0.5421 -0.8086 0.2286
0.6334 -0.7155 -0.2948
0.6554 -0.7404 -0.1490
0.6628 -0.7488 -0.0000
0.6554 -0.7404 0.1490
0.6334 -0.7155 0.2948
0.7130 -0.6056 -0.3534
0.7444 -0.6322 -0.2150
0.7602 -0.6457 -0.0722
0.7602 -0.6457 0.0722
0.7444 -0.6322 0.2150
0.7130 -0.6056 0.3534